   1.3576159e+01   1.7117834e+01   1.0000000e+00
   9.6026490e+00   1.3614650e+01   1.0000000e+00
   8.0132450e+00   2.0302548e+01   1.0000000e+00
   6.6887417e+00   2.6990446e+01   1.0000000e+00
   1.1589404e+01   2.2850318e+01   1.0000000e+00
   5.2317881e+00   1.4251592e+01   1.0000000e+00
   7.3509934e+00   1.3933121e+01   1.0000000e+00
   9.2052980e+00   1.7436306e+01   1.0000000e+00
   5.6291391e+00   2.3487261e+01   1.0000000e+00
   1.0000000e+01   3.2245223e+01   1.0000000e+00
   1.5231788e+00   2.6273885e+00   1.0000000e+00
   8.5430464e+00   1.2181529e+01   1.0000000e+00
   1.5165563e+01   1.0111465e+01   1.0000000e+00
   1.6887417e+01   6.4490446e+00   1.0000000e+00
   1.1721854e+01   1.6719745e+00   1.0000000e+00
   2.5894040e+01   1.8232484e+01   1.0000000e+00
   1.9668874e+01   1.7436306e+01   1.0000000e+00
   3.4238411e+01   2.1735669e+01   1.0000000e+00
   1.2781457e+01   4.0207006e+01   1.0000000e+00
   1.4635762e+01   1.9028662e+01   1.0000000e+00
   1.3841060e+01   1.6321656e+01   1.0000000e+00
   1.5165563e+01   1.2818471e+01   1.0000000e+00
   1.3311258e+01   9.6337580e+00   1.0000000e+00
   6.4238411e+00   4.3710191e+01   1.0000000e+00
   2.5827815e+00   5.3582803e+01   1.0000000e+00
   1.0132450e+01   5.7563694e+01   1.0000000e+00
   1.7152318e+01   2.8901274e+01   1.0000000e+00
   3.5430464e+01   4.8487261e+01   1.0000000e+00
   2.9735099e+01   3.9251592e+01   1.0000000e+00
   2.8675497e+01   1.1066879e+01   1.0000000e+00
   5.3642384e+00   3.5111465e+01   1.0000000e+00
   1.4370861e+01   7.9538217e+01   1.0000000e+00
   1.2649007e+01   9.4665605e+01   1.0000000e+00
   6.1589404e+00   9.6894904e+01   1.0000000e+00
   1.4238411e+01   8.1130573e+01   1.0000000e+00
   6.8211921e+00   5.6528662e+00   1.0000000e+00
   1.2251656e+01   4.5382166e+00   1.0000000e+00
   1.7152318e+01   3.5270701e+01   1.0000000e+00
   1.5231788e+00   3.0652866e+01   1.0000000e+00
   2.4503311e+00   4.2914013e+01   1.0000000e+00
   3.9933775e+01   1.1544586e+01   1.0000000e+00
   3.5827815e+01   6.9267516e+00   1.0000000e+00
   4.0596026e+01   2.7468153e+01   1.0000000e+00
   3.4370861e+01   1.4092357e+01   1.0000000e+00
   1.2119205e+01   5.1671975e+01   1.0000000e+00
   2.4503311e+00   1.9904459e+00   1.0000000e+00
   3.9072848e+00   5.9713376e+00   1.0000000e+00
   2.7152318e+00   1.4410828e+01   1.0000000e+00
   4.0397351e+00   2.1735669e+01   1.0000000e+00
   1.1854305e+01   2.8264331e+01   1.0000000e+00
   1.5033113e+01   2.4761146e+01   1.0000000e+00
   2.0728477e+01   1.5127389e+00   1.0000000e+00
   2.2052980e+01   9.7929936e+00   1.0000000e+00
   1.8609272e+01   3.0015924e+01   1.0000000e+00
   8.5430464e+00   4.7054140e+01   1.0000000e+00
   5.2317881e+00   6.5684713e+01   1.0000000e+00
   3.3774834e+00   7.3646497e+01   1.0000000e+00
   4.4569536e+01   1.1942675e+00   1.0000000e+00
   3.9933775e+01   2.7866242e+00   1.0000000e+00
   3.7284768e+01   7.9617834e-02   1.0000000e+00
   2.9867550e+01   2.7866242e+00   1.0000000e+00
   6.1589404e+00   5.7722930e+01   1.0000000e+00
   1.0000000e+01   5.7882166e+01   1.0000000e+00
   1.7417219e+01   5.8041401e+01   1.0000000e+00
   1.7814570e+01   6.3136943e+01   1.0000000e+00
   1.2781457e+01   6.4729299e+01   1.0000000e+00
   1.3046358e+01   3.9410828e+01   1.0000000e+00
   1.5033113e+01   1.0748408e+01   1.0000000e+00
   2.2317881e+01   1.0270701e+01   1.0000000e+00
   2.5629139e+01   1.2977707e+01   1.0000000e+00
   3.3576159e+01   2.2372611e+01   1.0000000e+00
   1.6556291e+00   3.0334395e+01   1.0000000e+00
   2.5827815e+00   3.0334395e+01   1.0000000e+00
   2.5827815e+00   6.6640127e+01   1.0000000e+00
   2.0529801e+00   2.6353503e+01   1.0000000e+00
   2.3112583e+01   5.1831210e+01   1.0000000e+00
   2.1390728e+01   2.3487261e+01   1.0000000e+00
   5.3642384e+00   8.2563694e+01   1.0000000e+00
   1.8211921e+01   2.1894904e+01   1.0000000e+00
   2.1920530e+01   2.8105096e+01   1.0000000e+00
   5.8303887e+00   6.8407960e+01   1.0000000e+00
   7.4793875e+00   6.3266998e+01   1.0000000e+00
   1.3368669e+01   5.5140962e+01   1.0000000e+00
   1.7255595e+01   4.5356551e+01   1.0000000e+00
   1.9611307e+01   4.0713101e+01   1.0000000e+00
   2.1731449e+01   3.6898839e+01   1.0000000e+00
   2.4087161e+01   3.2918740e+01   1.0000000e+00
   2.7620730e+01   2.8109453e+01   1.0000000e+00
   2.7149588e+01   3.2587065e+01   1.0000000e+00
   2.4204947e+01   3.6898839e+01   1.0000000e+00
   2.2320377e+01   4.0547264e+01   1.0000000e+00
   2.1495878e+01   4.6683250e+01   1.0000000e+00
   1.8669022e+01   5.2321725e+01   1.0000000e+00
   1.7608952e+01   5.7794362e+01   1.0000000e+00
   1.5253239e+01   6.1940299e+01   1.0000000e+00
   1.3486455e+01   6.5422886e+01   1.0000000e+00
   1.1012956e+01   6.9900498e+01   1.0000000e+00
   7.9505300e+00   7.3714760e+01   1.0000000e+00
   8.1861013e+00   7.8524046e+01   1.0000000e+00
   1.6548881e+01   6.8739635e+01   1.0000000e+00
   1.9846879e+01   6.5091211e+01   1.0000000e+00
   2.2673734e+01   6.1774461e+01   1.0000000e+00
   2.3969376e+01   5.5472637e+01   1.0000000e+00
   2.7267373e+01   5.0165837e+01   1.0000000e+00
   2.3733804e+01   4.7180763e+01   1.0000000e+00
   2.6678445e+01   4.2205638e+01   1.0000000e+00
   1.9257951e+01   7.3217247e+01   1.0000000e+00
   2.2438163e+01   7.1724710e+01   1.0000000e+00
   2.0553592e+01   8.1177446e+01   1.0000000e+00
   2.3733804e+01   6.7910448e+01   1.0000000e+00
   2.6442874e+01   6.0945274e+01   1.0000000e+00
   2.6914016e+01   6.5257048e+01   1.0000000e+00
   2.6207303e+01   6.4759536e+01   1.0000000e+00
   2.9623086e+01   6.1111111e+01   1.0000000e+00
   3.0447585e+01   6.4759536e+01   1.0000000e+00
   2.7149588e+01   6.7910448e+01   1.0000000e+00
   2.6207303e+01   7.0729685e+01   1.0000000e+00
   2.5147232e+01   8.2835821e+01   1.0000000e+00
   2.8680801e+01   8.1177446e+01   1.0000000e+00
   2.7738516e+01   7.7363184e+01   1.0000000e+00
   2.8680801e+01   7.3051410e+01   1.0000000e+00
   2.9976443e+01   6.9237148e+01   1.0000000e+00
   3.0447585e+01   7.7860697e+01   1.0000000e+00
   3.2567727e+01   7.6368159e+01   1.0000000e+00
   3.3981154e+01   7.1724710e+01   1.0000000e+00
   3.3863369e+01   6.8242123e+01   1.0000000e+00
   3.4452297e+01   6.4925373e+01   1.0000000e+00
   3.4452297e+01   7.8192371e+01   1.0000000e+00
   3.6690224e+01   8.1840796e+01   1.0000000e+00
   3.2449941e+01   8.2835821e+01   1.0000000e+00
   3.7279152e+01   7.7197347e+01   1.0000000e+00
   3.9517079e+01   7.9187396e+01   1.0000000e+00
   3.8339223e+01   7.5041459e+01   1.0000000e+00
   3.8574794e+01   7.1227197e+01   1.0000000e+00
   3.9163722e+01   6.8407960e+01   1.0000000e+00
   3.9517079e+01   6.3764511e+01   1.0000000e+00
   3.6808009e+01   6.1774461e+01   1.0000000e+00
   3.6336867e+01   7.2056385e+01   1.0000000e+00
   4.2226148e+01   7.5207297e+01   1.0000000e+00
   4.2343934e+01   7.0895522e+01   1.0000000e+00
   4.3639576e+01   6.2603648e+01   1.0000000e+00
   5.1531213e+01   6.3101161e+01   1.0000000e+00
   1.8038462e+01   7.7272727e+01   -1.0000000e+00
   4.0448718e+01   8.3057851e+01   -1.0000000e+00
   4.2628205e+01   6.8181818e+01   -1.0000000e+00
   4.6217949e+01   6.6033058e+01   -1.0000000e+00
   4.5192308e+01   5.8760331e+01   -1.0000000e+00
   4.8782051e+01   5.7272727e+01   -1.0000000e+00
   4.8525641e+01   6.1404959e+01   -1.0000000e+00
   5.2500000e+01   5.8925620e+01   -1.0000000e+00
   4.7115385e+01   7.1818182e+01   -1.0000000e+00
   4.6602564e+01   7.5950413e+01   -1.0000000e+00
   4.5705128e+01   8.0413223e+01   -1.0000000e+00
   4.9935897e+01   8.0247934e+01   -1.0000000e+00
   5.2115385e+01   8.4545455e+01   -1.0000000e+00
   5.1474359e+01   7.6776860e+01   -1.0000000e+00
   4.9423077e+01   7.0495868e+01   -1.0000000e+00
   5.1987179e+01   6.7355372e+01   -1.0000000e+00
   5.1192308e+01   3.7578512e+01   -1.0000000e+00
   4.8602564e+01   1.8181818e+01   -1.0000000e+00
   5.4935897e+01   1.9338843e+01   -1.0000000e+00
   4.8397436e+01   1.1074380e+01   -1.0000000e+00
   5.4935897e+01   1.1074380e+01   -1.0000000e+00
   6.9551282e+01   5.9421488e+01   -1.0000000e+00
   7.3525641e+01   5.8925620e+01   -1.0000000e+00
   7.0320513e+01   6.5041322e+01   -1.0000000e+00
   33.573          32.589          -1.0000000e+00
   33.8533         55.4726         -1.0000000e+00
   -3              70              -1.0000000e+00
   -2              30              -1.0000000e+00
   -9              51              1
   -10             55              1
   -5              45              1
   -7              60              1
   

